
power = 3104.88530352087
throughput = 3171.74
composite = 3138.13462308252
